     0 | ############################################################ | 19157
    10 | #########                                                    | 2742
    20 | ########                                                     | 2452
    30 | #                                                            | 198
    40 |                                                              | 21
    50 |                                                              | 3
    60 |                                                              | 19
    70 |                                                              | 13
    80 |                                                              | 21
    90 |                                                              | 2
   100 |                                                              | 6
   110 |                                                              | 12
   120 |                                                              | 4
   130 |                                                              | 14
   140 |                                                              | 23
   150 |                                                              | 14
   160 |                                                              | 10
   170 |                                                              | 5
   180 |                                                              | 2
   190 |                                                              | 2
   200 |                                                              | 2
   210 |                                                              | 10
   220 |                                                              | 2
   230 |                                                              | 2
   240 |                                                              | 2
   250 |                                                              | 5
   260 |                                                              | 3
   280 |                                                              | 1
   290 |                                                              | 3
   300 |                                                              | 2
   310 |                                                              | 1
   320 |                                                              | 4
   330 |                                                              | 1
   340 |                                                              | 1
   350 |                                                              | 3
   400 |                                                              | 1
   440 |                                                              | 1
   460 |                                                              | 2
   480 |                                                              | 2
   490 |                                                              | 1
   500 |                                                              | 1
   510 |                                                              | 1
   540 |                                                              | 1
   590 |                                                              | 1
   610 |                                                              | 2
   640 |                                                              | 1
   670 |                                                              | 2
   690 |                                                              | 2
   720 |                                                              | 1
   730 |                                                              | 1
   760 |                                                              | 2
   840 |                                                              | 1
   900 |                                                              | 1
   950 |                                                              | 1
   990 |                                                              | 1
  1080 |                                                              | 1
  1130 |                                                              | 1
  1180 |                                                              | 1
  1410 |                                                              | 25
  1420 |                                                              | 3
  1430 |                                                              | 3
  1440 |                                                              | 1
  1520 |                                                              | 2
  1630 |                                                              | 1
  1660 |                                                              | 1
  1740 |                                                              | 1
  1790 |                                                              | 1
  1850 |                                                              | 1
  1990 |                                                              | 1
  2000 |                                                              | 44
  2040 |                                                              | 1
  2060 |                                                              | 1
  2070 |                                                              | 1
  2080 |                                                              | 1
  2090 |                                                              | 1
  2760 |                                                              | 1
  3130 |                                                              | 1
  3720 |                                                              | 1
  3980 |                                                              | 2
  4200 |                                                              | 1
  4500 |                                                              | 1
  5000 |                                                              | 3
  5050 |                                                              | 2
  5750 |                                                              | 1
  7000 |                                                              | 2
  7130 |                                                              | 1